32
7.8282409047 8.2581484136 8.8409887561 9.5273530815 9.3568227961 8.6689603484 7.3307527596 9.2158316948 9.7718949377 8.2822350574 8.8092466550 6.2378981688 7.9372652330 8.2039742287 9.6233326811 10.3466631299 8.0734376392 8.6048945615 8.7125991687 7.8782544959 7.5112238415 8.8277013013 7.2589241689 10.4123745944 8.8339798885 10.2016443347 7.9824668013 8.1127237861 10.9121887558 8.1862342354 7.1775779851 11.1113950880 
6.4612118686 7.0504867142 6.7836753186 7.5948012702 8.3379358063 7.6953225911 6.9776300710 7.8519398211 8.0897481060 7.3439730163 7.6312984505 5.9190440719 6.6582867472 6.4140581664 8.0198882591 8.7239245873 8.6235278217 6.9034291820 7.8063956435 7.0079105104 6.5992110231 7.4418114821 7.0178168612 7.7173666308 7.5601651403 9.2220556964 7.0909282839 6.5958212047 9.6403429900 7.3899990097 5.4164439933 9.0390612748 
8.0047698352 8.1497943317 9.0591112305 9.5794166437 9.5884465238 8.8084019941 8.2153242031 9.5048178792 9.8165176118 8.6499636310 9.2880580810 7.1811403549 7.9161011471 8.3814855215 10.1569478104 11.1547835172 8.4477544422 9.3165082027 8.9216809682 7.6847105597 8.1246302042 9.4761135427 7.7342646868 9.7804315575 9.3412630438 10.0365800511 8.6622103018 7.8274491264 10.4126424077 8.5171827396 6.6426578749 11.1492953257 
9.1172486278 8.7481854816 9.4605847761 9.8570581758 10.3623311424 9.5051645663 8.3898858772 9.4364012907 10.2053293548 8.4265110050 10.0766860210 7.3466873219 8.2176942855 9.2141611928 10.0325049683 11.7729847800 8.7747934506 9.2553761703 9.7442721898 7.8550193589 9.1410946534 9.6494648523 8.0403905714 10.4936827237 10.2893709603 11.3150845536 9.5169505153 9.6420839082 11.6933814715 8.7297815272 8.2087720028 11.2813100708 
8.3309082654 7.8331354115 7.5127144771 8.8115327111 8.7124754609 7.6627937336 7.6397992069 8.1972225581 8.6973832693 7.7102556295 7.4977503293 6.2344294065 7.3438586352 7.3459936255 7.7000373011 9.2907146455 8.1338310281 8.1700086546 8.1928383511 6.6286707384 7.5091361487 7.5912858858 6.6085393374 8.1426819648 8.6500924375 10.2531739655 7.7975921767 7.3495812714 9.1306679702 7.8860653251 5.6026629553 9.2220899830 
7.9641424508 7.9758154198 8.6243926906 10.2216055819 9.4500580439 9.0802021268 8.2902298677 9.0079736264 9.5257398124 7.6595755234 8.8760402471 7.4234764829 7.5980748117 9.0729208125 9.0673955503 11.2430248222 7.8608594370 9.6157160353 9.4148803546 7.6079260527 8.7368427328 8.9181793032 7.6633575760 10.4009021207 9.2230556885 10.5405894530 8.4679237197 8.8310032976 10.4873724222 8.7410980261 7.3874536092 11.0635355514 
8.9459933677 7.9300208761 7.4617970555 8.6043216179 9.1367674971 8.5749296082 7.4430679460 8.9277314604 9.1727494743 7.4825947468 7.8469459460 7.1269894110 7.0646535700 6.6865125501 8.4237449820 8.9044657290 7.6237437592 7.8784289500 9.1434283114 7.1501470990 7.0111278159 7.4079277595 7.3268177296 8.5617489637 7.7703674419 10.0938025293 6.6186568931 7.4654487180 8.8430417949 7.9290941518 6.4485747490 8.8441361965 
7.0253575283 6.5594154546 7.7454975754 7.9173003864 7.9398437449 8.5021442715 7.1810693797 8.3095458985 9.2693759029 8.0698285256 8.4605058711 5.9314394449 7.1403363259 6.8427467376 8.8328442531 9.7904924968 8.0964654021 8.8674449743 8.1127356019 6.8295403744 7.1889936374 8.4836213621 7.1254462282 9.2453251330 8.4402729255 9.4955961622 7.4810422497 6.9233093870 9.7916340914 6.8949560442 5.9470675034 9.5205223660 
7.3377710030 8.2067966942 7.8132787721 8.8969596823 9.1275328521 8.8150118661 7.1646719446 7.7078124363 9.1300162241 6.7440307258 9.0211796662 6.3655660695 7.5854516070 7.2812457513 7.9070246981 9.6738072881 8.1318852952 7.8721912494 8.3523309074 7.4318194219 7.7099076496 8.8320580541 6.5752092297 8.4139870778 8.7975740808 10.0810998554 8.2693486055 7.5357617019 9.6936910316 7.1506292665 6.2945275712 9.1474507340 
7.6035176403 7.4221161893 5.9517874077 7.8817358295 6.9642919605 6.9088269590 5.4703069332 6.0610762211 7.1840830518 5.6968050734 7.1497672076 4.6763530131 5.8312204588 6.0147000434 6.3035315637 7.1359322325 6.7087921536 5.9894799862 7.8413558361 6.0080693378 5.4552410355 6.2153127715 5.5291885430 7.0987628351 8.0386235790 7.9480016504 5.7864809025 6.5113539641 7.5430987205 6.8725619387 5.4918679454 7.5738763091 
9.4652052713 8.8391702621 8.7472608668 10.4042986064 9.6591219886 10.2716710375 8.5998141173 9.6447826649 9.0824278922 7.4883991546 8.8260096901 7.6957353217 8.3505932138 8.9447496806 9.2225708203 10.7996775622 8.6794499224 10.1682923913 10.1414036813 7.2562272747 8.5265230983 8.9015659310 8.0077591607 9.9075134385 9.6930025351 11.5053851278 9.4054765975 9.6445919265 10.2679719737 8.6543305798 7.6245226608 10.5746617390 
6.8661040789 8.0082382668 7.2477853651 7.9839490543 8.3915739474 7.5226852870 7.0227957273 7.4476166999 7.1574465813 6.6708805059 7.6265723297 5.2378353576 6.2722588899 7.2456858505 6.6350623044 9.6041325434 7.3047492461 7.4849780888 7.9630494148 6.5755128441 6.7324913527 8.1413411171 6.7493145628 7.3625556583 9.0688750412 9.7110504773 7.1805675670 7.3174647504 8.9922467383 6.6168560375 6.3629681656 9.2727008422 
7.5958893556 8.4376843170 9.0030404635 9.7782295400 10.1010259115 9.5425932299 8.3743177298 8.4044404832 9.8408335435 8.8223926215 9.3538761712 7.6958473708 7.4723068801 8.7804736030 10.2258212224 11.7917010031 8.9951424614 9.7838430175 9.4014523230 6.9474919173 8.6998617571 9.8680804059 7.8070539796 9.9726845823 9.5663603405 10.7765962074 8.4600855906 9.4707951844 11.3677249538 8.7819612338 8.0383085806 11.5237398928 
6.5968431522 6.2334657165 6.7949776115 8.1466057625 6.3125661031 7.5895408962 5.5668174115 6.9936232718 8.1597496695 6.8681146580 7.4305406683 6.3040115909 6.0814683559 6.0352989876 7.7561660211 7.0509586968 7.2774343003 7.4153137545 7.2827692626 6.0627604097 5.9659947916 7.2834294346 6.0074647695 7.1616596586 7.0828183516 7.6567600327 6.1203514128 6.4747205856 7.7715544354 6.7174181511 5.3116470428 8.5670072506 
8.9465593087 8.1188212547 8.6855451603 8.9112485407 8.8709460775 10.3426723506 7.0340079738 9.1769976383 9.5254087459 7.6837431774 8.4971365321 7.8790036454 8.3838878013 7.7766471662 10.0568328567 9.7788431150 8.2907229587 8.4828323836 9.2805204744 7.9674194886 7.6568687798 9.4943496563 7.4044579868 8.9634540644 9.0930530888 10.7702256063 8.0880281647 8.4971053112 9.4026264687 8.0472056966 6.3212320845 9.1785367037 
8.3663307924 8.4865980955 8.2103095341 9.6895093303 8.7940818384 8.2278625712 8.3639593825 8.7315838851 9.0913294622 8.0238580660 9.3085365501 7.3640294645 7.1518665202 8.6543652782 8.8115682254 10.7135126311 8.8915385334 8.4454169026 9.0664870376 7.4086526473 8.5273250386 8.5340164835 7.8808842212 8.3831507640 10.1205165052 10.3810382605 7.9801341603 8.6539575526 9.5643060957 9.1735417371 6.6659217217 11.1082789681 
5.8225440173 7.3792709612 6.6722894019 8.1818687528 8.6844579466 6.4385667604 6.2628122635 6.4677020398 7.8981223550 7.0004437519 6.8084539976 5.5520317521 5.8721543095 5.6161031204 6.5320464525 7.9227081965 6.6734266988 7.2545319621 7.4170579262 6.7567057842 6.2173586152 7.1863204366 6.2592893679 7.6852346864 6.7629176101 7.8571456342 6.9265738495 6.0382097249 8.0832153263 7.3508335584 5.3982349446 9.4970288547 
7.5140109834 7.8248984146 7.2013095508 9.3020328513 8.2641025944 7.9952552735 6.1628741303 6.9484420944 9.5923706769 7.8522825270 8.3748413376 6.1807484178 7.3283683342 7.7267454699 8.1196674189 9.2151421910 8.3552488652 8.1551489002 8.3269015453 7.2627958599 7.5262941060 8.3661340633 6.3391836543 9.0441486709 8.9133016769 9.0313120491 7.6917169406 7.5396540374 10.0431386562 8.0455017181 6.1079344101 9.3440159220 
5.8984014122 6.6616930565 6.7093695371 7.1124419999 7.1031789928 7.3417617350 5.3478160686 7.1980013366 7.5049977194 6.7663865593 6.1712848916 5.9963762982 5.3422154370 5.4528481646 7.9215345884 7.4004494815 6.7445826256 6.8012311731 7.3173127498 5.6572952519 5.4972056553 6.7244209553 6.3658853155 7.2688120471 6.0382798834 7.7907869457 5.9644465845 6.2767848280 7.5914663184 6.4533564814 5.0395294309 8.2312810705 
6.5903059936 6.8383587096 6.9210533815 8.9566610501 7.2518667623 7.6873421256 7.2934472814 7.9976540779 8.0882850524 6.8375374605 8.0117746778 5.8372245829 6.7764893216 8.8615729241 7.4843546864 8.9990497457 8.6055199032 8.9580911543 8.1004563392 7.2843944562 7.8081545238 7.4824864060 6.6945258144 8.3929257602 8.4574616161 9.4268119124 8.4958320034 7.6648117003 9.3663752769 7.2653813481 5.9984326008 10.5245735456 
9.0501510508 9.1620692497 8.1911932440 10.1033189978 9.7350074875 10.0754421206 7.9021292990 9.2210872792 10.5259798619 9.0254672804 9.3446243716 6.9483364993 8.6582340899 8.1551376186 9.3039818937 10.6840407679 9.1810676549 8.8241252652 9.9606125824 9.3269171109 8.0388561413 9.1493746272 7.9144414789 10.5499721707 9.8073657161 9.9700278740 8.3947678877 8.9407499081 11.3866716087 8.6076976924 7.1199174030 10.7414833775 
6.6151629327 6.6424445942 5.6848419554 7.3672006611 7.7665963415 7.9472751961 6.0777320759 7.1934656587 7.2440431818 6.9158967875 6.0892034382 5.2058190731 6.4636047131 6.0371509761 6.2630282057 7.8222210182 6.4609937805 7.6679895903 7.4695693070 6.1942335215 5.9849006039 7.0371798078 5.9646835318 8.1778914478 6.8998431618 8.3522090538 6.1856858386 6.4049763080 8.2326544941 6.2634485707 5.4945467401 8.6260665228 
5.5686607215 7.1256525949 6.7203332967 8.0431637516 7.8469939691 7.2714715179 6.6368320830 6.3804733683 8.0031201637 6.4186910826 7.9101808090 5.3267631667 5.9307416644 7.1502560397 6.9579916252 8.7018230555 6.7922258168 5.9204998803 7.2399315907 6.3228162169 6.6198277544 7.2460510730 6.2296356951 8.0393217460 7.9651488140 9.0503026130 7.3458406601 7.0874746692 9.6822208311 6.3861417904 5.9189076781 8.7679429077 
7.1316356013 7.4553657710 6.2748429792 9.3514019058 7.8813419412 8.2386805450 7.1859370103 6.5656535367 8.9960769874 6.8202440840 8.5765029302 5.7623629108 6.6477043217 6.8493789477 7.2457038012 8.4107468837 8.0738163851 7.5495291651 8.1344910204 6.7884722751 7.4716016819 7.5706280671 6.0212836417 7.9873175921 8.5731543859 8.9227258644 7.4281431990 7.2646318353 8.9961423201 7.8558516088 6.2354643160 9.1734650266 
7.4265674411 6.3527089225 6.3142385199 7.8730294041 7.5801316373 7.1292264543 6.1794772966 6.9300313737 7.7217046074 6.6183622118 6.8702244543 6.2568158620 6.5905737727 6.7804990052 7.0917593520 7.9285190118 6.7962162942 7.6333875482 7.3692733784 5.8147460223 6.1205506033 6.5589542920 5.8985181032 8.0062915658 7.3759960279 7.5245719863 7.0795896169 6.9861805959 8.3474211484 7.2548774400 5.6683547328 8.3856736970 
7.1439618904 7.3470759617 6.4571020396 7.9131021090 8.1662677419 7.6923733682 6.9364069524 6.4717558213 7.2419180645 6.6850564468 8.0632256642 5.3744304894 5.9657023444 6.4943297639 6.8336171231 8.9861407151 7.3278777704 6.8103546540 7.7015677782 6.4495406148 6.4817391109 7.4669082921 6.5008852828 7.3727534396 8.0422465141 9.1088586893 6.9609803796 7.2215130579 8.4001897320 7.1231582766 6.2887145827 8.7549685549 
6.9978864921 6.9547376518 6.5116799830 7.4452914518 8.0378719605 7.1002550540 6.6023733820 7.0756401466 7.7761203673 6.5314458668 7.4520588559 4.7628736750 5.5155964519 7.3600821930 6.7452342563 9.0276538109 6.8723134947 7.4681508874 8.1800058105 7.0790504756 6.3473613706 6.7888864488 6.1780591895 8.1885396734 7.9818480438 8.9035655921 7.1303379935 7.5099510238 8.6968351866 6.9273100500 6.5745683798 9.3845798421 
6.3072848111 6.0725313410 6.3611435540 7.3974138380 7.2864912006 7.6202010798 6.3129936724 7.2506257189 7.5259781044 6.7032098103 6.6353291317 4.8334116377 6.0329760665 6.5405289612 7.4151117162 8.3385297360 6.7767161293 7.3774772333 7.4844365107 6.1526129805 6.0537596457 7.2486260205 5.8521596476 8.0951117874 6.8645545832 7.5241646331 5.7369682357 6.3206923586 8.2569744485 6.0743607667 5.5333401436 8.0693181000 
8.1256185970 8.0705587208 7.7683667531 9.1858618233 9.0591071072 7.9768257330 6.9608436786 7.7609808780 9.1325859935 8.3522035672 7.7080219947 6.1523083962 7.3555470891 7.0985971450 8.0724078774 9.1734020638 7.5762101317 8.4520121353 8.5875039013 6.3683235162 6.7063121001 7.9614097015 6.7999826950 9.4787443080 8.2786500738 8.8359467892 7.2603847445 7.3834468300 9.5836709124 7.6400204541 5.9949520355 9.5865776943 
7.6180476228 8.2167608585 8.7248741057 9.4856360488 8.5490409181 7.7275462978 6.4338345302 8.6916839127 9.9534854083 8.3596950177 9.2183340710 7.0436036144 6.5882919156 7.1665605574 10.3011747819 9.3022032439 7.9961264252 7.9500581018 8.3100175342 6.3002284402 7.2479633437 8.4615467100 7.2143292563 8.3615412182 8.7877252018 9.4441295112 8.2422600238 7.6568744462 9.5866406874 8.0849359178 6.3317390926 9.8790220885 
6.6851210546 7.2380712194 6.4338761652 9.2918108129 7.3052737334 8.0264120834 7.1728614940 6.5152825953 7.5867185569 6.1540232721 7.4041382055 5.8668429739 6.5674599370 6.6438103791 6.3879596553 8.3425944665 6.6065712054 8.1812565859 8.0489778708 6.0541407605 7.2346150348 6.7659673757 6.3435146306 8.3300301122 7.4389598351 8.6113022110 7.2989807246 7.4281522824 7.8678244965 6.6420840925 5.4347652925 9.1699901115 
7.7238111736 7.6821285349 7.6803528706 9.3324978066 8.2504955183 8.1611113496 7.0653202251 8.1780371273 9.4960988216 7.7577104980 8.7567815930 6.4913455567 7.1360048247 8.3611912166 8.4076048503 9.6273692567 8.3637532072 9.2605737245 9.0442381389 6.9772887347 7.6513236500 7.8321907850 7.1240127312 9.3314127886 8.9225595122 10.0522418388 8.3315974060 8.3398260790 10.4051792321 7.0301672420 6.5763095811 10.0525185325 
# METADATA_START
SIZE: 32
TIME_MS: 0.0309000000
FLOPS: 65536
MEMORY_BYTES: 24576
# METADATA_END
